P1: 
  Q: [153, 194, 167, 72, 113, 87, 49, 49, 49, 8, 8, 8]
  R: [0, 0, 0, 0, 0, 0]
  P_mult: 88  # P = P_mult * Q
  max_iter: 15
  tol: 0.0000000001

P2: 
  Q: [400, 400, 400, 500, 500, 500, 10, 10, 10, 20, 20, 20]
  R: [1, 1, 1, 1, 1, 1]
  P_mult: 100  # P = P_mult * Q
  max_iter: 35
  tol: 0.00000001

P3: 
  Q: [100, 100, 100, 10, 10, 10, 100, 100, 100, 10, 10, 10]
  R: [1, 1, 1, 1, 1, 1]
  P_mult: 100  # P = P_mult * Q
  max_iter: 50
  tol: 0.00000001